0.662123883495
1100.89279922
2083.7067868
713.244414757
2091.93719417
1163.91083068
2546.41812816
2806.25967961
2750.49670019
596.821494757
2890.15994097
713.862017476
3086.69347573
3074.22701476
405.228016311
2937.9219868
911.854401553
994.73749165
2647.57563612
1114.92807029
1056.93791068
1262.59974175
1478.00481903
1611.73062874
1718.84862524
1763.38560233
1690.96457709
1558.67381476
1209.16759107
1578.59075534
967.495781359
1537.81118214
648.175379417
612.880360777
662.090151845
439.313749515
597.960391456
171.009496311
153.776796117
113.175527767
63.7561537864
46.0591165049
31.9347506796
79.445041165
0.67328038835
5.40705669903
0.772829126214
0.460300194175
0.621713009709
0.595929320388
0.64476
0.578282330097
0.581899805825
0.53955961165
2.57141708738
0.62656776699
0.679078834951
0.822163106796
48.1502481553
76.4011712621
281.946456699
418.351725437
501.568252427
248.795321942
419.22766835
509.21411767
591.273346019
528.092727379
871.98731301
450.340266408
830.078919612
1155.08819534
366.991580971
463.175699417
609.632779806
784.26601165
982.222262913
708.432123495
1251.56504621
597.724238447
445.761716505
472.493320777
794.366842718
505.008314563
441.46247767
505.810502913
595.032700194
675.718483107
678.900372816
501.71531068
124.448137864
169.624695146
257.645827573
273.747998447
137.350887379
61.0205871845
92.6643250485
111.306163107
54.150287767
61.880183301
99.1201875728
145.798123107
208.211060971
129.033020971
173.708112233
64.6516205825
18.5193891262
23.2743774757
10.1056648544
35.3977759223
24.4016563107
0.513387961165
0.430657864078
0.44634407767
0.464431456311
0.592332815534
3.75941708738
0.470114563107
7.63891339806
15.9733258252
14.4998493204
0.501140970874
0.498173592233
0.454145242719
0.47752776699
0.471666407767
0.483158446602
0.461642330097
0.459713009709
0.458737864078
0.472064854369
0.464976699029
19.2941895146
3.46576194175
34.322567767
93.217704466
0.448703300971
0.461506019417
0.572714563107
0.412989902913
0.472568155339
1.25852504854
359.551796505
20.6661669903
0.444572038835
0.482225242718
0.444750291262
0.494881165049
0.426505631068
0.445893203883
0.413231067961
0.457815145631
13.8810932039
0.428539805825
0.456777087379
0.428256699029
0.471603495146
0.442422524272
0.421137087379
0.433321165048
0.450957669903
0.42828815534
0.39467184466
1.05720466019
0.954510291262
32.0985751456
6.60918058252
14.1968621359
0.431360388349
0.4674407767
0.455235728155
0.419941747573
0.463393398058
0.401424466019
0.44607145631
0.445463300971
0.454050873786
0.44648038835
0.415558834952
0.446543300971
0.449500194175
0.432723495146
0.445012427185
0.422793786408
0.420990291262
0.422300970874
0.407747184466
0.39946368932
0.411836504855
0.502839611651
